baseColor: [0.105421, 0.37798, 0.076425]
emissive: [0, 0, 0]
roughness: 1
metallic: 0
ior: 1.5
opacity: 1