baseColor: [0.570068, 0.0430135, 0.0443706]
emissive: [0, 0, 0]
roughness: 1
metallic: 0
ior: 1.5
opacity: 1